train = Accuracy: 99.56709956709956%
Confusion Matrix:
[[221   1   0   0   0   0   0   0   0   0   0   0   0   0   0   0   0   0
    0   0]
 [  0 146   0   0   0   0   0   0   0   0   0   0   0   0   0   0   0   0
    0   0]
 [  0   0 124   0   0   0   0   0   0   0   0   0   0   0   0   0   0   0
    0   0]
 [  0   0   0 126   0   0   0   0   0   0   0   0   0   0   0   0   0   0
    0   0]
 [  0   0   0   0 120   0   0   0   0   0   0   0   0   0   0   0   0   0
    0   0]
 [  0   1   0   0   0 115   0   0   0   0   0   0   0   1   0   0   0   0
    0   0]
 [  0   0   0   0   0   0  88   0   1   0   0   0   0   0   0   0   0   0
    1   0]
 [  0   0   0   0   0   0   0  87   0   0   0   0   0   0   0   0   0   0
    0   0]
 [  0   1   0   0   0   0   0   0  93   0   0   0   1   0   0   0   0   0
    0   0]
 [  0   0   0   0   0   0   0   0   0  98   0   0   0   0   0   0   0   0
    0   0]
 [  0   0   0   0   0   0   0   0   0   0  93   0   0   0   0   0   0   0
    0   0]
 [  0   0   0   0   0   0   0   0   0   0   0  88   0   0   0   0   0   0
    0   0]
 [  0   0   0   0   0   0   0   0   0   0   0   0  86   0   0   0   0   0
    0   0]
 [  0   0   0   0   0   0   0   0   0   0   0   0   0  90   0   0   0   0
    0   0]
 [  0   0   0   0   0   0   0   0   0   0   0   0   0   0  88   0   0   0
    0   0]
 [  0   0   0   0   0   0   0   0   0   0   0   0   0   0   0  86   0   0
    0   0]
 [  0   0   0   0   0   0   0   0   1   0   0   0   0   0   0   0  76   0
    0   0]
 [  0   0   0   0   0   0   0   0   0   0   0   0   0   0   0   0   0  81
    0   0]
 [  0   0   0   0   0   0   0   0   0   0   0   0   0   0   0   0   0   0
   80   0]
 [  0   0   0   0   0   0   0   0   1   0   0   0   0   0   0   0   0   0
    0  84]]
Precision: 0.9957318333946314
Recall: 0.9956709956709957
F1 Score: 0.9956757525590738
test = Accuracy: 90.76923076923077%
Confusion Matrix:
[[44  1  0  0  2  0  0  0  0  0  0  0  0  0  0  0  0  0  0  0]
 [ 0 34  0  1  0  0  0  0  0  0  0  0  0  0  0  0  0  0  0  0]
 [ 0  0 40  2  0  0  0  0  0  0  0  0  0  0  0  0  0  0  0  0]
 [ 0  0  0 35  0  0  0  0  0  0  0  0  0  0  0  0  0  0  0  0]
 [ 0  0  0  0 26  0  0  0  1  0  0  0  0  0  0  0  0  0  0  1]
 [ 0  1  0  0  0 23  0  0  0  0  0  0  0  1  0  0  0  0  0  0]
 [ 0  1  1  1  0  0 27  0  0  1  0  1  0  0  0  0  0  0  1  1]
 [ 0  0  0  0  0  0  0 30  0  0  0  0  1  0  0  0  0  0  0  0]
 [ 0  0  1  1  0  0  0  0 18  0  0  0  0  0  0  0  0  0  0  1]
 [ 1  0  0  0  0  0  0  0  0 16  0  0  0  0  1  0  0  0  0  0]
 [ 0  0  0  0  0  0  1  0  0  0 17  0  0  0  0  0  0  0  0  2]
 [ 0  0  0  0  0  0  0  2  0  0  0 21  1  0  0  1  0  0  0  0]
 [ 0  0  0  0  0  0  0  0  0  0  0  0 26  0  0  0  0  0  0  0]
 [ 0  0  0  0  0  0  3  0  1  0  0  0  0 16  0  0  0  0  0  0]
 [ 0  1  0  0  0  0  0  0  0  0  0  0  0  0 19  1  0  0  0  1]
 [ 0  0  0  0  0  0  0  0  0  0  0  0  1  0  0 21  0  0  0  1]
 [ 0  1  0  0  0  0  0  0  0  0  0  0  0  0  0  0 22  0  0  0]
 [ 0  1  0  0  0  0  0  0  0  0  0  0  0  0  0  0  0 15  0  2]
 [ 0  0  0  2  0  0  1  0  0  0  0  0  0  1  0  0  0  0 13  0]
 [ 0  0  0  0  0  0  0  0  0  1  0  0  0  0  0  0  0  0  0  9]]
Precision: 0.9176147989941094
Recall: 0.9076923076923077
F1 Score: 0.9092962238720598
