Best Hyperparameters:
{'criterion': 'entropy', 'max_depth': 60, 'min_impurity_decrease': 0.01, 'min_samples_leaf': 2}

Test Set Classification Report:
              precision    recall  f1-score   support

           0    0.91111   0.87234   0.89130        47
           1    0.81818   0.77143   0.79412        35
           2    0.97297   0.85714   0.91139        42
           3    0.86486   0.91429   0.88889        35
           4    0.70968   0.78571   0.74576        28
           5    0.85000   0.68000   0.75556        25
           6    0.80769   0.61765   0.70000        34
           7    0.85185   0.74194   0.79310        31
           8    0.69565   0.76190   0.72727        21
           9    0.66667   0.88889   0.76190        18
          10    0.66667   0.90000   0.76596        20
          11    0.80952   0.68000   0.73913        25
          12    0.82143   0.88462   0.85185        26
          13    0.83333   0.75000   0.78947        20
          14    0.69565   0.72727   0.71111        22
          15    0.90909   0.86957   0.88889        23
          16    0.86957   0.86957   0.86957        23
          17    0.69565   0.88889   0.78049        18
          18    0.68421   0.76471   0.72222        17
          19    0.53846   0.70000   0.60870        10

    accuracy                        0.80000       520
   macro avg    0.78361   0.79630   0.78483       520
weighted avg    0.81065   0.80000   0.80088       520
