train = Accuracy: 100.0%
Confusion Matrix:
[[222   0   0   0   0   0   0   0   0   0   0   0   0   0   0   0   0   0
    0   0]
 [  0 146   0   0   0   0   0   0   0   0   0   0   0   0   0   0   0   0
    0   0]
 [  0   0 124   0   0   0   0   0   0   0   0   0   0   0   0   0   0   0
    0   0]
 [  0   0   0 126   0   0   0   0   0   0   0   0   0   0   0   0   0   0
    0   0]
 [  0   0   0   0 120   0   0   0   0   0   0   0   0   0   0   0   0   0
    0   0]
 [  0   0   0   0   0 117   0   0   0   0   0   0   0   0   0   0   0   0
    0   0]
 [  0   0   0   0   0   0  90   0   0   0   0   0   0   0   0   0   0   0
    0   0]
 [  0   0   0   0   0   0   0  87   0   0   0   0   0   0   0   0   0   0
    0   0]
 [  0   0   0   0   0   0   0   0  95   0   0   0   0   0   0   0   0   0
    0   0]
 [  0   0   0   0   0   0   0   0   0  98   0   0   0   0   0   0   0   0
    0   0]
 [  0   0   0   0   0   0   0   0   0   0  93   0   0   0   0   0   0   0
    0   0]
 [  0   0   0   0   0   0   0   0   0   0   0  88   0   0   0   0   0   0
    0   0]
 [  0   0   0   0   0   0   0   0   0   0   0   0  86   0   0   0   0   0
    0   0]
 [  0   0   0   0   0   0   0   0   0   0   0   0   0  90   0   0   0   0
    0   0]
 [  0   0   0   0   0   0   0   0   0   0   0   0   0   0  88   0   0   0
    0   0]
 [  0   0   0   0   0   0   0   0   0   0   0   0   0   0   0  86   0   0
    0   0]
 [  0   0   0   0   0   0   0   0   0   0   0   0   0   0   0   0  77   0
    0   0]
 [  0   0   0   0   0   0   0   0   0   0   0   0   0   0   0   0   0  81
    0   0]
 [  0   0   0   0   0   0   0   0   0   0   0   0   0   0   0   0   0   0
   80   0]
 [  0   0   0   0   0   0   0   0   0   0   0   0   0   0   0   0   0   0
    0  85]]
Precision: 1.0
Recall: 1.0
F1 Score: 1.0
test = Accuracy: 90.0%
Confusion Matrix:
[[44  0  0  0  2  0  0  1  0  0  0  0  0  0  0  0  0  0  0  0]
 [ 0 33  0  0  0  0  0  0  0  2  0  0  0  0  0  0  0  0  0  0]
 [ 0  0 40  1  0  0  0  0  0  0  0  0  0  0  0  1  0  0  0  0]
 [ 0  0  0 34  0  0  0  0  0  0  0  0  0  0  0  1  0  0  0  0]
 [ 0  0  0  0 26  0  1  0  1  0  0  0  0  0  0  0  0  0  0  0]
 [ 0  0  0  0  0 24  0  0  0  0  0  0  0  0  0  0  0  0  0  1]
 [ 0  0  0  1  0  1 28  1  0  1  0  0  0  0  0  0  0  0  1  1]
 [ 0  0  0  1  0  0  0 28  0  0  0  2  0  0  0  0  0  0  0  0]
 [ 0  0  0  0  0  0  0  0 18  0  0  0  0  1  1  0  0  0  0  1]
 [ 0  0  0  0  0  0  0  0  1 13  0  0  1  1  0  0  1  1  0  0]
 [ 0  0  0  0  0  0  0  0  1  0 19  0  0  0  0  0  0  0  0  0]
 [ 0  0  0  0  0  0  1  3  0  1  0 19  0  0  0  0  1  0  0  0]
 [ 0  0  0  0  0  0  0  0  0  0  0  0 26  0  0  0  0  0  0  0]
 [ 0  0  0  0  0  0  1  0  2  0  0  0  0 17  0  0  0  0  0  0]
 [ 0  0  0  0  0  1  0  0  0  0  0  0  0  1 20  0  0  0  0  0]
 [ 0  0  0  1  0  0  0  0  0  0  0  0  1  0  0 19  0  0  1  1]
 [ 0  0  0  0  0  0  0  0  0  0  0  1  0  0  0  0 22  0  0  0]
 [ 1  0  0  0  0  0  0  0  0  0  0  0  0  0  0  0  0 17  0  0]
 [ 0  0  0  1  0  1  2  0  0  1  0  0  0  0  0  0  0  0 12  0]
 [ 0  0  0  0  0  0  0  0  0  0  0  0  0  0  0  0  0  1  0  9]]
Precision: 0.9027993635234878
Recall: 0.9
F1 Score: 0.8999848104554156
