Best Hyperparameters:
{'criterion': 'entropy', 'max_depth': None, 'max_features': 'log2', 'n_estimators': 1500}

Test Set Classification Report:
              precision    recall  f1-score   support

           0    0.93750   0.95745   0.94737        47
           1    0.75556   0.97143   0.85000        35
           2    1.00000   0.95238   0.97561        42
           3    1.00000   1.00000   1.00000        35
           4    0.90000   0.96429   0.93103        28
           5    0.92308   0.96000   0.94118        25
           6    0.90909   0.88235   0.89552        34
           7    0.96667   0.93548   0.95082        31
           8    0.85000   0.80952   0.82927        21
           9    0.93333   0.77778   0.84848        18
          10    1.00000   0.95000   0.97436        20
          11    0.91667   0.88000   0.89796        25
          12    0.96296   1.00000   0.98113        26
          13    1.00000   0.90000   0.94737        20
          14    1.00000   0.95455   0.97674        22
          15    1.00000   0.91304   0.95455        23
          16    0.92000   1.00000   0.95833        23
          17    1.00000   0.94444   0.97143        18
          18    1.00000   0.76471   0.86667        17
          19    0.69231   0.90000   0.78261        10

    accuracy                        0.93077       520
   macro avg    0.93336   0.92087   0.92402       520
weighted avg    0.93720   0.93077   0.93151       520
