Best Hyperparameters:
{'C': 1, 'kernel': 'poly'}

Test Set Classification Report:
              precision    recall  f1-score   support

           0    0.89796   0.93617   0.91667        47
           1    0.68627   1.00000   0.81395        35
           2    1.00000   0.95238   0.97561        42
           3    1.00000   0.97143   0.98551        35
           4    0.89655   0.92857   0.91228        28
           5    0.92308   0.96000   0.94118        25
           6    0.90625   0.85294   0.87879        34
           7    0.85294   0.93548   0.89231        31
           8    0.90000   0.85714   0.87805        21
           9    1.00000   0.77778   0.87500        18
          10    1.00000   0.95000   0.97436        20
          11    1.00000   0.76000   0.86364        25
          12    1.00000   1.00000   1.00000        26
          13    0.94118   0.80000   0.86486        20
          14    0.94737   0.81818   0.87805        22
          15    1.00000   0.86957   0.93023        23
          16    0.95652   0.95652   0.95652        23
          17    1.00000   0.88889   0.94118        18
          18    1.00000   0.76471   0.86667        17
          19    0.52632   1.00000   0.68966        10

    accuracy                        0.90769       520
   macro avg    0.92172   0.89899   0.90173       520
weighted avg    0.92594   0.90769   0.91058       520
